PROMEDIO: 0.0001235100

0.000165
0.000165
0.000165
0.000165
0.000166
0.000152
0.000165
0.000153
0.000152
0.000153
0.000142
0.000152
0.000152
0.000142
0.000133
0.000141
0.000142
0.000132
0.000137
0.000148
0.000132
0.000133
0.000142
0.000132
0.000155
0.000125
0.000129
0.000123
0.000124
0.000133
0.000124
0.000124
0.000123
0.000124
0.000124
0.000124
0.000124
0.000124
0.000124
0.000116
0.000124
0.000124
0.000124
0.000124
0.000117
0.000150
0.000124
0.000132
0.000139
0.000125
0.000104
0.000130
0.000087
0.000097
0.000087
0.000083
0.000083
0.000109
0.000110
0.000110
0.000117
0.000116
0.000117
0.000099
0.000099
0.000110
0.000111
0.000124
0.000124
0.000135
0.000124
0.000124
0.000116
0.000117
0.000116
0.000116
0.000117
0.000117
0.000117
0.000117
0.000110
0.000110
0.000117
0.000123
0.000110
0.000110
0.000120
0.000117
0.000099
0.000099
0.000100
0.000101
0.000113
0.000104
0.000104
0.000099
0.000099
0.000099
0.000110
0.000110
