Resultados 10 procesadores (Python):
0.02703123
0.013180281
0.034436208
0.023312472
0.030695704
0.031986744
0.022788391
0.018559234
0.018687593
0.017306429
0.039197583
0.011300544
0.028081255
0.020330069
0.031221922
0.03621529
0.037397881
0.030069135
0.010932331
0.018408042
0.015085644
0.015037912
0.023295108
0.026126586
0.013080852
0.024081739
0.026305448
0.008479897
0.023473676
0.023173527
0.02353518
0.015703586
0.02869137
0.028552482
0.043146434
0.01655379
0.034811529
0.015887154
0.027348328
0.011307384
0.019305664
0.015072498
0.015535304
0.041703418
0.036103712
0.031496531
0.00938458
0.017417185
0.047230808
0.035029438
0.02495913
0.013915262
0.013230008
0.026961986
0.011404726
0.030869476
0.003451228
0.007431136
0.031675598
0.023486325
0.03153477
0.023897259
0.017804383
0.03636840799999996
0.03269569
0.028748682
0.02570087
0.02380560899999995
0.014406735
0.019887327
0.041123747
0.03268495699999996
0.027500599
0.026245723
0.025350608
0.028174537000000055
0.027430074
0.028109677
0.012502707
0.027187026
0.011767378
0.027148111
0.035789527
0.024281745
0.035194509
0.048505131
0.016507603
0.031525091
0.023274139
0.036911454
0.01747261
0.030840614
0.017431656
0.011404961
0.016165787
0.024129167
0.027862875
0.015789668
0.028198418
0.011130196

Resultados 18 procesadores (Python):
0.047557469
0.025449073
0.096556897
0.020999539
0.078580086
0.030970398
0.027083005
0.03386025
0.068960925
0.055838321
0.083382841
0.06527326499999997
0.069063064
0.039056742
0.032002144
0.060216868
0.081463546
0.025398830999999955
0.01747761
0.083230602
0.031504424
0.024511027
0.023855064
0.06895089700000001
0.035778187
0.046846831
0.034061426
0.042913844
0.039173431
0.054350392
0.060935412
0.07281284
0.02285872
0.022486841
0.060021851
0.033513504
0.020383376
0.044460183
0.0818528
0.033485471
0.015610799
0.091521624
0.021540408
0.014995915
0.05684505
0.054613717
0.018324261
0.058951309
0.055235901
0.092775969
0.028256769
0.022647608
0.052978673
0.070377012
0.027502387
0.032867271
0.035132108
0.039669554
0.036999172
0.095764975
0.08394860299999996
0.01952428
0.056578532
0.015888384
0.057550789
0.114097953
0.074019975
0.033049352
0.05874249
0.044132763
0.036104573
0.093273326
0.023704672
0.056209703
0.078071822
0.058275071
0.025924138
0.126937981
0.054568388
0.051294538
0.035414976
0.057904737
0.023862958
0.055647963
0.068492735
0.065087919
0.035063331
0.065636291
0.044455514
0.05671453
0.059619171
0.018415884
0.08498892599999996
0.024614648
0.009286917
0.059105145
0.032125686
0.082770594
0.04138671199999999
0.030024918

Resultados 28 procesadores (Python):
0.209507783
0.132483836
0.127895426
0.090501327
0.173426478
0.109673797
0.113535878
0.185940463
0.09489851
0.109235973
0.110017312
0.060326458
0.114849058
0.076137273
0.068181329
0.124574078
0.074089374
0.124991834
0.122935646
0.136794042
0.094649612
0.128273505
0.309991079
0.087452307
0.078135541
0.14243407
0.14205413
0.200416245
0.147986084
0.098742951
0.119631221
0.159844487
0.091819491
0.155984094
0.131785784
0.124121382
0.141335088
0.118207223
0.116724341
0.131167424
0.079185855
0.109762759
0.12706471
0.071402717
0.1088939
0.11892048
0.12563905
0.150337688
0.143032034
0.163943116
0.081221956
0.199110123
0.09111199
0.210883025
0.141282319
0.145421717
0.143191586
0.110721517
0.199438088
0.135727847
0.143982683
0.131913314
0.088810316
0.07282877
0.199628023
0.084509945
0.07521557
0.18970884
0.146707249
0.092935854
0.141775816
0.133226041
0.11754850800000005
0.12590936100000005
0.13059477799999997
0.170925267
0.10458388500000004
0.17042218200000003
0.09837279700000001
0.18772647499999995
0.09959011900000003
0.09584226399999995
0.17283271899999997
0.09480047599999997
0.190758235
0.145493078
0.100425372
0.12033781700000001
0.13073028799999997
0.22603639600000003
0.09326712
0.145505881
0.09976016799999998
0.189142453
0.20391798299999997
0.11160443900000006
0.06777001400000005
0.116486369
0.101371062
0.096469489
