Resultados 2 procesadores (Python):
0.002245308
0.004319242
0.004349655
0.004336982
0.004315329
0.004311124
0.004351585
0.004379057
0.004435543
0.004349532
0.004347621
0.00434533
0.004345783
0.004431497
0.004327055
0.004457679
0.004339949
0.004359606
0.004327931
0.004333216
0.004341563
0.00435751
0.004348249
0.004383527
0.004315781
0.004350154
0.00430527
0.004361385
0.004325033
0.004347854
0.00435297
0.004390646
0.004355163
0.00435286
0.004342026
0.004352661
0.004379242
0.004411522
0.004355646
0.00439942
0.004347345
0.00431892
0.004342977
0.004365516
0.00426079
0.004470429
0.004395801
0.004354468
0.004303344
0.004350046
0.004344729
0.004336393
0.004285832
0.004331942
0.004347363
0.004336768
0.00433403
0.004360828
0.004342435
0.004332615
0.004382176
0.004365817
0.004340358
0.00436182
0.004338684
0.004343484
0.004374674
0.004359399
0.004339398
0.004359114
0.004291527
0.004340593
0.004389356
0.004360119
0.004334546
0.004367641
0.004262022
0.004286826
0.004281503
0.00434906
0.004322479
0.004239988
0.004340682
0.004373261
0.004258679
0.004276019
0.004267885
0.004321281
0.00426886
0.004256048
0.0043837
0.004340171
0.004297832
0.00437584
0.004237313
0.004339021
0.00431314
0.004250841
0.004284944
0.004264726

Resultados 4 procesadores (Python):
0.036491474
0.007418592
0.032664419
0.023743459
0.023359962000000012
0.012430976
0.014953239
0.037626929
0.028175246
0.0355239
0.036248474
0.015572419
0.006688044
0.013919108
0.0278344
0.022937848
0.008736677
0.026458718
0.02664874
0.006219341
0.009168697
0.014267282
0.032739939
0.03117788
0.015556004
0.017802457
0.022782743
0.026571276
0.009302275
0.033966743
0.017084056
0.014315148
0.002967945
0.008674173
0.004071943
0.00662167
0.011342179
0.004837658
0.02574347
0.014397878
0.018726881
0.004841067
0.04176473
0.023597112
0.015262364
0.035109996
0.029027426
0.020604266
0.007252354
0.031943978
0.01089045
0.028496391
0.022375137
0.036239554
0.056423913
0.030137423
0.011612539
0.008434049
0.008575644
0.01435007
0.014858687
0.024691082
0.022363859
0.037491601
0.01585134499999996
0.032813333
0.012784153
0.030763638
0.021578253
0.009853734
0.018453893
0.027370120000000053
0.028302202
0.033735148
0.022331716
0.03101923
0.009512813
0.010466019
0.014496886
0.015278224
0.007815136
0.00800115
0.02810197
0.022125019
0.011810308
0.013803508
0.022212067
0.032841173
0.015076567
0.009252553
0.019324346
0.017436445
0.022869867
0.006830667
0.010458141
0.016457658
0.013784254
0.040932614
0.015893825
0.032730141

Resultados 8 procesadores (Python) - usando oversubscribe:
0.096985224
0.119349285
0.037903743
0.062495185
0.016464236
0.074844084
0.08658716
0.043784122
0.063324295
0.096285127
0.046184056
0.034850104
0.036036069
0.09546081
0.035718115
0.035450569
0.044771918
0.017556265
0.025920308
0.030316215
0.045375177
0.042393286
0.028470541
0.027898284
0.034401407
0.036733687000000015
0.023857372
0.04558198
0.047358678
0.044428148
0.04703651
0.040629699
0.03538137
0.056128952
0.030676443
0.059082455
0.044775374
0.049188139
0.024333548
0.018788227
0.027900905
0.027225654
0.025823781
0.034595191
0.039970319
0.034545356
0.013367443
0.045273184
0.061446524
0.01852015
0.041629754
0.035605129
0.047183545
0.043013149
0.05700996
0.030931385
0.028594449
0.03787123
0.037677182
0.064436267
0.073086863
0.038637518
0.046247416
0.053869128
0.04015391
0.040034955999999955
0.076451594
0.024566562
0.030068601
0.049597819
0.031419342
0.02403456
0.011020421
0.073269079
0.017446485
0.042070633999999996
0.02626755
0.031244535
0.028008555
0.029954294
0.030135339
0.034038683
0.028575911
0.047839583
0.02155809
0.039588546
0.025343096
0.040746959
0.04048953
0.024251618
0.026605106
0.035246766
0.018536506
0.05550188
0.051853842
0.019744982
0.036315647
0.048331473
0.033453751
0.030753208

